20	18.20034315217711
20.290906698750476	18.18994711626487
20.586044732869844	18.179544483467545
20.885475648548283	18.16912892330759
21.189261887185914	18.158692793039148
21.49746679841394	18.148221984858075
21.810154653305165	18.137689322694182
22.12739065777668	18.127048972763426
22.449240966187475	18.116233488967413
22.77577269513385	18.10515432580379
23.107053937445478	18.09370602426369
23.44315377638505	18.08177366122535
23.784142300054445	18.069242463118737
24.130090616010463	18.056007911681768
24.481070866093134	18.041984383298093
24.837156241469714	18.02711062851641
25.1984209978975	18.01135123498115
25.56494047120865	17.994694192174475
25.936791093020236	17.977145438483223
26.3140504066728	17.958721730469314
26.69679708340074	17.939443237430968
27.08511093873791	17.919327036206717
27.47907294916184	17.898382287547392
27.878765268980047	17.876607457910293
28.284271247461966	17.853989643825603
28.695675446220072	17.830505770216874
29.11306365684382	17.806125180353693
29.536522918790062	17.780813027044573
29.966141537533712	17.754533983426622
30.402009102982383	17.727255991492633
30.844216508158908	17.698953817555978
31.29285596815558	17.669612094550576
31.74802103936409	17.63922759015231
32.20980663898519	17.607810461215358
32.67830906482211	17.575384177675655
33.153626015361866	17.541983919833445
33.63585661014871	17.50765355635767
34.125101410453844	17.472441628204706
34.62146244024586	17.436396963528765
35.12504320746613	17.39956449978456
35.635948725613716	17.361981672563285
36.15428553564419	17.323675603542693
36.68016172818701	17.28466139799076
37.21368696608603	17.244941802181867
37.754972507267915	17.20450811478922
38.30413122794313	17.163341898663106
38.86127764614443	17.12141702916661
39.4265279456077	17.078701699032145
40.000000000000206	17.035160058964166
40.58181339750116	16.99075331192974
41.1720894657399	16.94544028595124
41.77095129709678	16.89917761070596
42.37852377437204	16.851919741283954
42.9949335968281	16.803619166442015
43.62030930661056	16.7542271164072
44.25478131555359	16.703694873744702
44.89848193237519	16.65197546673712
45.55154539026795	16.599025472303524
46.21410787489121	16.54480678065711
46.88630755277036	16.489288288017395
47.56828460010916	16.432447574566346
48.260181232021196	16.374272478755746
48.962141732186545	16.31476216076741
49.674312482939705	16.25392725487243
50.39684199579528	16.191788943101184
51.129880942417586	16.12837705759638
51.873582186040764	16.063727389611675
52.628100813345895	15.997878329925257
53.393594166801776	15.930867028901071
54.17022187747612	15.86272552462678
54.95814589832399	15.79347747572931
55.75753053796041	15.72313604221324
56.56854249492426	15.651703251407094
57.39135089244048	15.579170911453224
58.226127313687975	15.505522829195922
59.073045837580466	15.430737920191682
59.932283075067765	15.35479376430821
60.804018205965114	15.277670172688254
61.68843301631817	15.199352335397693
62.58571193631152	15.119833118629197
63.49604207872855	15.039114146890105
64.41961327797075	14.957205557951024
65.35661812964459	14.87412477301856
66.3072520307241	14.789894973895397
67.27171322029778	14.704543897915908
68.25020282090806	14.618103166481696
69.2429248804921	14.530608055054888
70.25008641493265	14.442097550931614
71.27189745122783	14.352614456705387
72.30857107128878	14.262205283983906
73.36032345637442	14.170919902910066
74.42737393217246	14.078811001970228
75.50994501453623	13.985933363377919
76.60826245588666	13.892342921812787
77.72255529228926	13.798095438609126
78.85305589121582	13.703244580987466
80.00000000000082	13.607839291262387
81.16362679500274	13.511920592518136
82.34417893148023	13.415518247347245
83.541902594194	13.31864772105927
84.75704754874454	13.221308143878455
85.98986719365665	13.12348191000401
87.24061861322157	13.025136210942424
88.50956263110764	12.926226556691933
89.79696386475084	12.826702147221214
91.10309078053635	12.7265125920183
92.42821574978288	12.625615016273953
93.77261510554118	12.523980130461128
95.13656920021877	12.42159566901652
96.52036246404286	12.318465901121822
97.92428346437356	12.214606732833163
99.34862496587989	12.110037249452278
100.79368399159105	12.00476974435845
102.25976188483567	11.89880077008292
103.74716437208203	11.79210560968381
105.25620162669229	11.684637607153032
106.78718833360406	11.576332331857754
108.34044375495276	11.467115117961326
109.9162917966485	11.35690956745312
111.51506107592134	11.245644558207575
113.13708498984903	11.133258411993808
114.78270178488147	11.019700439712832
116.45225462737648	10.904931055852327
118.14609167516147	10.788922067356994
119.86456615013608	10.671658719538392
121.60803641193078	10.55314432900368
123.3768660326369	10.433407155956365
125.17142387262359	10.312507854958962
126.99208415745765	10.190545011244911
128.83922655594208	10.06765637282783
130.71323625928977	9.944014302841175
132.61450406144883	9.819815992778851
134.5434264405962	9.695270715553102
136.50040564181674	9.570586736777857
138.48584976098482	9.445959938347752
140.50017282986593	9.321565790059863
142.5437949024563	9.197555568581812
144.61714214257822	9.074056779762174
146.7206469127495	8.951176833598703
148.8547478643456	8.829008559963667
151.01989002907314	8.707635900746258
153.216524911774	8.587137869716749
155.4451105845792	8.467589577786248
157.70611178243232	8.349060463732295
160.00000000000236	8.231610836888443
162.3272535900062	8.11528793109296
164.6883578629612	8.00012222485717
167.08380518838874	7.886124671689697
169.51409509748981	7.773285568850845
171.97973438731407	7.661575420514482
174.4812372264439	7.5509472410963845
177.01912526221608	7.441339487120627
179.5939277295025	7.332679349978822
182.20618156107355	7.2248866027468726
184.85643149956664	7.117878647757789
187.54523021108326	7.011576893815921
190.27313840043846	6.90591416439695
193.04072492808663	6.800842996528238
195.84856692874806	6.696344771830142
198.69724993176072	6.592439165181493
201.58736798318304	6.489192713849203
204.5195237696723	6.386725187113114
207.49432874416505	6.285213028930536
210.5124032533856	6.184889568146851
213.57437666720915	6.086041472924111
216.68088750990657	5.9890011649757104
219.83258359329807	5.894135970603602
223.03012215184378	5.801835448381916
226.2741699796992	5.7124981800531955
229.5654035697641	5.626519072388568
232.90450925475412	5.544277751250255
236.2921833503241	5.466128190882257
239.72913230027333	5.392389484793318
243.21607282386276	5.3233378103898685
246.75373206527502	5.259199061407897
250.34284774524843	5.200141093007929
253.9841683149166	5.146265333704566
257.67845311188546	5.097598949466384
261.42647251858085	5.054090469860892
265.22900812289896	5.0156112789522345
269.08685288119375	4.98196330564294
273.0008112836349	4.952891118976686
276.97169952197106	4.9280959740804136
281.00034565973334	4.907250462185473
285.0875898049141	4.890011258528464
289.23428428515797	4.87602715202531
293.44129382550057	4.864942813844357
297.7094957286928	4.856402173133836
302.0397800581479	4.850055422902705
306.4330498235497	4.8455708573491645
310.89022116916016	4.842649062304883
315.41222356486645	4.841034626326063
320.00000000000654	4.840520428649732
324.6545071800142	4.840943224356774
329.3767157259242	4.842173736630544
334.16761037677935	4.844104949845284
339.02819019498156	4.846640944130162
343.95946877463007	4.8496880372412665
348.9624744528898	4.8531486000987
354.03825052443415	4.856916770064747
359.187855459007	4.860876033177949
364.4123631221491	4.864899201837611
369.71286299913527	4.868850286992982
375.0904604221685	4.872585538064143
380.54627680087896	4.875952095362781
386.08144985617537	4.878783966377416
391.6971338574982	4.880895687197152
397.3944998635236	4.882074696467089
403.1747359663683	4.88207629342744
409.0390475393468	4.8806270357491615
414.9886574883323	4.877439248366735
421.0248065067734	4.872235236474519
427.1487533344206	4.864777000485868
433.3617750198154	4.854894860844485
439.6651671865984	4.842507567581196
446.06024430368984	4.827629676686347
452.54833995940066	4.810368717151682
459.13080713953053	4.79091776606182
465.8090185095106	4.769546468135504
472.58436670065066	4.746589331302972
479.45826460054917	4.722425548779165
486.432145647728	4.697444028574
493.50746413055253	4.6719952820513635
500.6856954904994	4.646343290813405
507.9683366298358	4.620634318683888
515.3569062237735	4.594891733098326
522.8529450371643	4.5690356391952776
530.4580162458005	4.542918313070115
538.1737057623901	4.516359673205766
546.0016225672724	4.489172092326637
553.9433990439449	4.461174011361574
562.0006913194694	4.43219930853266
570.1751796098309	4.402105935758345
578.4685685703187	4.3707776949682176
586.8825876510039	4.338116777806787
595.4189914573883	4.304034049814072
604.0795601162986	4.268448812351045
612.8660996471021	4.231304245751677
621.780442338323	4.192597405674962
630.8244471297356	4.152417069612184
640.0000000000159	4.110974584377865
649.3090143600314	4.068606403573213
658.7534314518515	4.025741727868018
668.3352207535618	3.9828522520824894
678.0563803899662	3.9404090918829184
687.9189375492632	3.89885892804822
697.9249489057827	3.858614010321223
708.0765010488715	3.8200477816022507
718.3757109180171	3.7834891897780096
728.8247262443015	3.749206880024038
739.425725998274	3.7173789886784454
750.1809208443404	3.6880514375939386
761.0925536017613	3.6610983465255993
772.1628997123541	3.6362167504575305
783.3942677149998	3.612995682748313
794.7889997270506	3.5910642749164534
806.34947193274	3.570272882056556
818.0780950786972	3.5508213662961654
829.9773149766683	3.5332638620324346
842.0496130135506	3.5183901021072033
854.2975066688449	3.507049265185676
866.7235500396347	3.500001247194292
879.3303343732008	3.4978466382634386
892.1204886073838	3.5010284215268035
905.0966799188055	3.509876873083866
918.2616142790653	3.524684252231292
931.6180370190256	3.5458091403858107
945.1687334013056	3.5738006758817806
958.9165292011028	3.6094892045453704
972.8642912954606	3.653961188839344
987.0149282611097	3.708357330841994
1001.3713909810035	3.77352395972248
1015.9366732596762	3.849666784464056
1030.7138124475518	3.9362172271070213
1045.7058900743334	4.031999381740302
1060.916032491606	4.1355871985625745
1076.3474115247852	4.245651811850188
1092.0032451345498	4.361160538866741
1107.8867980878947	4.481399750949686
1124.0013826389438	4.605872020350268
1140.350359219667	4.734159245882043
1156.9371371406426	4.865802126938763
1173.765175302013	5.000194681755781
1190.837982914782	5.13649118425076
1208.1591202326028	5.2735710023599
1225.73219929421	5.410133284864628
1243.5608846766518	5.544944689629891
1261.648894259477	5.677142075664832
1280.0000000000375	5.806418487663431
1298.6180287200684	5.932967964414395
1317.5068629037087	6.057235891246085
1336.6704415071292	6.17964806913118
1356.112760779938	6.300482228683079
1375.8378750985323	6.419874817064479
1395.8498978115715	6.537873752292315
1416.153002097749	6.654464299129064
1436.7514218360407	6.769579142048852
1457.6494524886093	6.883129125582982
1478.8514519965543	6.995054877398065
1500.3618416886875	7.105362095525771
1522.1851072035295	7.214129800483913
1544.3257994247153	7.321527595824492
1566.788535430007	7.427828635011667
1589.5779994541087	7.533369247434515
1612.6989438654878	7.6384792183735115
1636.156190157402	7.743438085911794
1659.9546299533442	7.848482426204819
1684.099226027109	7.953843707699855
1708.5950133376978	8.059791767093657
1733.4471000792773	8.16666286145835
1758.6606687464096	8.274827254379897
1784.2409772147755	8.384603125571871
1810.193359837619	8.496217403267872
1836.5232285581387	8.60986793539409
1863.2360740380593	8.72586834519507
1890.3374668026197	8.844939688642008
1917.833058402214	8.968689208856691
1945.7285825909298	9.099969455849717
1974.0298565222283	9.242477899488717
2002.7427819620161	9.399260781117135
2031.8733465193618	9.570903442132325
2061.4276248951132	9.754967034046485
2091.411780148677	9.94712299130018
2121.832064983222	10.142952798376125
2152.694823049581	10.339182463571387
2184.0064902691106	10.53386816905521
2215.7735961758003	10.725816571620452
2248.002765277899	10.913953770528742
2280.7007184393456	11.097080358556447
2313.874274281297	11.273992336637425
2347.530350604038	11.443495832276446
2381.6759658295764	11.604104268686886
2416.318240465218	11.753603171397566
2451.4643985884327	11.888997022839803
2487.1217693533167	12.007288370131898
2523.2977885189675	12.106726213319762
2560.0000000000887	12.187720495160052
2597.236057440151	12.252425090251728
2635.0137258074315	12.303519324913246
2673.340883014273	12.343218218818311
2712.225521559891	12.372998226250274
2751.6757501970797	12.393813164406565
2791.699795623158	12.406587007726145
2832.3060041955137	12.412495878925698
2873.502843672097	12.412968991244707
2915.2989049772345	12.409274092260011
2957.7029039931244	12.401979501732676
3000.723683377391	12.390446460215841
3044.370214407075	12.37229520412142
3088.6515988494466	12.343141030125782
3133.57707086003	12.29753753901504
3179.1559989082334	12.231492479813907
3225.3978877309914	12.144994313430148
3272.3123803148205	12.041544354269611
3319.9092599067053	11.925468001477237
3368.198452054235	11.799649586838932
3417.190026675413	11.665071955731486
3466.8942001585724	11.521658590228519
3517.3213374928373	11.369208817846209
3568.4819544295697	11.20774605892278
3620.386719675257	11.037517042770217
3673.0464571162966	10.85891292830604
3726.472148076138	10.67227105787671
3780.6749336052594	10.478046027962463
3835.6661168044484	10.277397742529748
3891.45716518188	10.072740953604322
3948.059713044477	9.868096861436515
4005.4855639240527	9.668179563766701
4063.746693038744	9.475493992822802
4122.855249790247	9.288891193486933
4182.823560297375	9.10543138610101
4243.664129966465	8.922797342449925
4305.389646099183	8.740128654288597
4368.012980538242	8.557652782111525
4431.5471923516225	8.375989169258428
4496.00553055582	8.195646971919567
4561.401436878714	8.016959037809205
4627.748548562617	7.8401665490864065
4695.060701208099	7.665721483642553
4763.351931659176	7.494186197220625
4832.63648093046	7.326225691464349
4902.928797176889	7.162625556972029
4974.243538706657	7.004378554167443
5046.595577037959	6.852277284936262
5120.000000000202	6.706414803829921
5194.472114880326	6.566612586252577
5270.027451614888	6.432459624777054
5346.6817660285715	6.303576208770161
5424.451043119808	6.180008986030543
5503.351500394186	6.06211877539907
5583.399591246343	5.950464729869791
5664.612008391055	5.845293640428005
5747.005687344222	5.74625832143907
5830.597809954497	5.653271351197226
5915.405807986278	5.566709766229992
6001.447366754812	5.487370003789378
6088.740428814181	5.416815886701612
6177.303197698925	5.358145630873622
6267.154141720092	5.317297869165944
6358.3119978165005	5.299007626908798
6450.795775462017	5.301168589019631
6544.624760629676	5.317192467796536
6639.818519813445	5.340698583865775
6736.396904108505	5.367637925893106
6834.380053350861	5.395771710869487
6933.788400317181	5.423777493237776
7034.642674985712	5.450867343968844
7136.963908859177	5.475918279035812
7240.773439350552	5.497082581812111
7346.092914232631	5.512477025663842
7452.944296152315	5.520821443565087
7561.349867210557	5.521034684705668
7671.332233608935	5.51166011885165
7782.914330363799	5.488966491359648
7896.119426088994	5.443855821650046
8010.971127848146	5.362522793482398
8127.49338607753	5.237092760207063
8245.710499580537	5.073506463008407
8365.647120594791	4.884287215390856
8487.328259932974	4.677872423333121
8610.77929219841	4.456677755482563
8736.025961076528	4.220916614146896
8863.094384703289	3.971742926816408
8992.011061111683	3.7099576135491965
9122.802873757471	3.436168216976086
9255.497097125279	3.1510123949510866
9390.121402416245	2.8552541756881986
9526.7038633184	2.5503387824664565
9665.272961860968	2.237324391220959
9805.857594353829	1.9184561689318353
9948.487077413367	1.597392660350021
10093.19115407597	1.2779020374326153
10240.000000000457	0.959886526415525
10388.944229760706	0.6408605977376385
10540.05490322983	0.31883618237027944
10693.363532057198	-0.0071091521083252954
10848.902086239672	-0.33687574400956705
11006.703000788428	-0.6705406560587415
11166.799182492743	-1.0084006278936506
11329.224016782166	-1.3492986350536158
11494.0113746885	-1.6929091589071479
11661.195619909053	-2.0384614839827395
11830.811615972614	-2.3846746087543167
12002.894733509682	-2.728656969565868
12177.48085762842	-3.066971631560351
12354.606395397908	-3.3904086364825616
12534.308283440243	-3.690821109683994
12716.62399563306	-3.9506900290633453
12901.591550924093	-4.163112622307372
13089.249521259411	-4.344350935524236
13279.637039626952	-4.481291248335549
13472.793808217073	-4.56230252950292
13668.760106701786	-4.591142523406876
13867.576800634426	-4.574223672337875
14069.285349971487	-4.521549260977368
14273.927817718419	-4.4466401039169545
14481.54687870117	-4.3558588848246576
14692.18582846533	-4.257918913576863
14905.888592304698	-4.15986854597698
15122.699734421185	-4.065027075396248
15342.664467217943	-3.976489339840224
15565.828660727671	-3.898962228501519
15792.238852178061	-3.842191720879945
16021.942255696367	-3.823744267664797
16254.986772155136	-3.8572323147445564
16491.42099916115	-3.9350640766346445
16731.294241189662	-4.0385931342424595
16974.65651986603	-4.1593115842772495
17221.558584396902	-4.294676928393731
17472.051922153143	-4.442127680271159
17726.188769406665	-4.601763162206367
17984.022122223458	-4.76978477432146
18245.605747515034	-4.938397639190444
18510.99419425065	-5.0973601593578435
18780.242804832582	-5.242744086995792
19053.40772663689	-5.374074981472585
19330.545923722028	-5.491099677977134
19611.71518870775	-5.59329846701994
19896.974154826825	-5.672089023932559
20186.382308152035	-5.700678089589598